index,x_pos,y_pos,z_pos
0,145.0,265.0,73.0
1,145.0,264.0,73.0
2,145.0,263.0,73.0
3,145.0,262.0,73.0
4,145.0,261.0,73.0
5,145.0,260.0,73.0
6,145.0,259.0,73.0
7,145.0,258.0,73.0
8,145.0,257.0,73.0
9,145.0,256.0,73.0
10,145.0,255.0,73.0
11,145.0,254.0,73.0
12,145.0,253.0,73.0
13,145.0,252.0,73.0
14,145.0,251.0,73.0
15,145.0,250.0,73.0
16,145.0,249.0,73.0
17,145.0,248.0,73.0
18,145.0,247.0,73.0
19,145.0,246.0,73.0
20,145.0,245.0,73.0
21,145.0,244.0,73.0
22,145.0,243.0,73.0
23,145.0,242.0,73.0
24,145.0,241.0,73.0
25,145.0,240.0,73.0
26,145.0,239.0,73.0
27,145.0,238.0,73.0
28,145.0,237.0,73.0
29,145.0,236.0,73.0
30,145.0,235.0,73.0
31,145.0,234.0,73.0
32,145.0,233.0,73.0
33,145.0,232.0,73.0
34,145.0,231.0,73.0
35,145.0,230.0,73.0
36,145.0,229.0,73.0
37,145.0,228.0,73.0
38,145.0,227.0,73.0
39,145.0,226.0,73.0
40,145.0,225.0,73.0
41,145.0,224.0,73.0
42,145.0,223.0,73.0
43,145.0,222.0,73.0
44,145.0,221.0,73.0
45,145.0,220.0,73.0
46,145.0,219.0,73.0
47,145.0,218.0,73.0
48,145.0,217.0,73.0
49,145.0,216.0,73.0
50,145.0,215.0,73.0
51,146.0,215.0,73.0
52,147.0,215.0,73.0
53,148.0,215.0,73.0
54,149.0,215.0,73.0
55,150.0,215.0,73.0
56,151.0,215.0,73.0
57,152.0,215.0,73.0
58,153.0,215.0,73.0
59,154.0,215.0,73.0
60,155.0,215.0,73.0
61,156.0,215.0,73.0
62,157.0,215.0,73.0
63,158.0,215.0,73.0
64,159.0,215.0,73.0
65,160.0,215.0,73.0
66,161.0,215.0,73.0
67,162.0,215.0,73.0
68,163.0,215.0,73.0
69,164.0,215.0,73.0
70,165.0,215.0,73.0
71,166.0,215.0,73.0
72,167.0,215.0,73.0
73,168.0,215.0,73.0
74,169.0,215.0,73.0
75,170.0,215.0,73.0
76,171.0,215.0,73.0
77,172.0,215.0,73.0
78,173.0,215.0,73.0
79,174.0,215.0,73.0
80,175.0,215.0,73.0
81,174.0,215.0,73.0
82,173.0,215.0,73.0
83,172.0,215.0,73.0
84,171.0,215.0,73.0
85,170.0,215.0,73.0
86,169.0,215.0,73.0
87,168.0,215.0,73.0
88,167.0,215.0,73.0
89,166.0,215.0,73.0
90,165.0,215.0,73.0
91,166.0,215.0,73.0
92,167.0,215.0,73.0
93,168.0,215.0,73.0
94,169.0,215.0,73.0
95,170.0,215.0,73.0
96,171.0,215.0,73.0
97,172.0,215.0,73.0
98,173.0,215.0,73.0
99,174.0,215.0,73.0
100,175.0,215.0,73.0
101,176.0,215.0,73.0
102,177.0,215.0,73.0
103,178.0,215.0,73.0
104,179.0,215.0,73.0
105,180.0,215.0,73.0
106,181.0,215.0,73.0
107,182.0,215.0,73.0
108,183.0,215.0,73.0
109,184.0,215.0,73.0
110,185.0,215.0,73.0
111,184.0,215.0,73.0
112,183.0,215.0,73.0
113,182.0,215.0,73.0
114,181.0,215.0,73.0
115,180.0,215.0,73.0
116,179.0,215.0,73.0
117,178.0,215.0,73.0
118,177.0,215.0,73.0
119,176.0,215.0,73.0
120,175.0,215.0,73.0
121,174.0,215.0,73.0
122,173.0,215.0,73.0
123,172.0,215.0,73.0
124,171.0,215.0,73.0
125,170.0,215.0,73.0
126,169.0,215.0,73.0
127,168.0,215.0,73.0
128,167.0,215.0,73.0
129,166.0,215.0,73.0
130,165.0,215.0,73.0
131,164.0,215.0,73.0
132,163.0,215.0,73.0
133,162.0,215.0,73.0
134,161.0,215.0,73.0
135,160.0,215.0,73.0
136,159.0,215.0,73.0
137,158.0,215.0,73.0
138,157.0,215.0,73.0
139,156.0,215.0,73.0
140,155.0,215.0,73.0
141,156.0,215.0,73.0
142,157.0,215.0,73.0
143,158.0,215.0,73.0
144,159.0,215.0,73.0
145,160.0,215.0,73.0
146,161.0,215.0,73.0
147,162.0,215.0,73.0
148,163.0,215.0,73.0
149,164.0,215.0,73.0
150,165.0,215.0,73.0
151,166.0,215.0,73.0
152,167.0,215.0,73.0
153,168.0,215.0,73.0
154,169.0,215.0,73.0
155,170.0,215.0,73.0
156,171.0,215.0,73.0
157,172.0,215.0,73.0
158,173.0,215.0,73.0
159,174.0,215.0,73.0
160,175.0,215.0,73.0
161,174.0,215.0,73.0
162,173.0,215.0,73.0
163,172.0,215.0,73.0
164,171.0,215.0,73.0
165,170.0,215.0,73.0
166,169.0,215.0,73.0
167,168.0,215.0,73.0
168,167.0,215.0,73.0
169,166.0,215.0,73.0
170,165.0,215.0,73.0
171,166.0,215.0,73.0
172,167.0,215.0,73.0
173,168.0,215.0,73.0
174,169.0,215.0,73.0
175,170.0,215.0,73.0
176,171.0,215.0,73.0
177,172.0,215.0,73.0
178,173.0,215.0,73.0
179,174.0,215.0,73.0
180,175.0,215.0,73.0
181,174.0,215.0,73.0
182,173.0,215.0,73.0
183,172.0,215.0,73.0
184,171.0,215.0,73.0
185,170.0,215.0,73.0
186,169.0,215.0,73.0
187,168.0,215.0,73.0
188,167.0,215.0,73.0
189,166.0,215.0,73.0
190,165.0,215.0,73.0
191,166.0,215.0,73.0
192,167.0,215.0,73.0
193,168.0,215.0,73.0
194,169.0,215.0,73.0
195,170.0,215.0,73.0
196,171.0,215.0,73.0
197,172.0,215.0,73.0
198,173.0,215.0,73.0
199,174.0,215.0,73.0
200,175.0,215.0,73.0
201,174.0,215.0,73.0
202,173.0,215.0,73.0
203,172.0,215.0,73.0
204,171.0,215.0,73.0
205,170.0,215.0,73.0
206,169.0,215.0,73.0
207,168.0,215.0,73.0
208,167.0,215.0,73.0
209,166.0,215.0,73.0
210,165.0,215.0,73.0
211,166.0,215.0,73.0
212,167.0,215.0,73.0
213,168.0,215.0,73.0
214,169.0,215.0,73.0
215,170.0,215.0,73.0
216,171.0,215.0,73.0
217,172.0,215.0,73.0
218,173.0,215.0,73.0
219,174.0,215.0,73.0
220,175.0,215.0,73.0
221,174.0,215.0,73.0
222,173.0,215.0,73.0
223,172.0,215.0,73.0
224,171.0,215.0,73.0
225,170.0,215.0,73.0
226,169.0,215.0,73.0
227,168.0,215.0,73.0
228,167.0,215.0,73.0
229,166.0,215.0,73.0
230,165.0,215.0,73.0
231,166.0,215.0,73.0
232,167.0,215.0,73.0
233,168.0,215.0,73.0
234,169.0,215.0,73.0
235,170.0,215.0,73.0
236,171.0,215.0,73.0
237,172.0,215.0,73.0
238,173.0,215.0,73.0
239,174.0,215.0,73.0
240,175.0,215.0,73.0
241,176.0,215.0,73.0
242,177.0,215.0,73.0
243,178.0,215.0,73.0
244,179.0,215.0,73.0
245,180.0,215.0,73.0
246,181.0,215.0,73.0
247,182.0,215.0,73.0
248,183.0,215.0,73.0
249,184.0,215.0,73.0
250,185.0,215.0,73.0
251,186.0,215.0,73.0
252,187.0,215.0,73.0
253,188.0,215.0,73.0
254,189.0,215.0,73.0
255,190.0,215.0,73.0
256,191.0,215.0,73.0
257,192.0,215.0,73.0
258,193.0,215.0,73.0
259,194.0,215.0,73.0
260,195.0,215.0,73.0
261,194.0,215.0,73.0
262,193.0,215.0,73.0
263,192.0,215.0,73.0
264,191.0,215.0,73.0
265,190.0,215.0,73.0
266,189.0,215.0,73.0
267,188.0,215.0,73.0
268,187.0,215.0,73.0
269,186.0,215.0,73.0
270,185.0,215.0,73.0
271,186.0,215.0,73.0
272,187.0,215.0,73.0
273,188.0,215.0,73.0
274,189.0,215.0,73.0
275,190.0,215.0,73.0
276,191.0,215.0,73.0
277,192.0,215.0,73.0
278,193.0,215.0,73.0
279,194.0,215.0,73.0
280,195.0,215.0,73.0
281,194.0,215.0,73.0
282,193.0,215.0,73.0
283,192.0,215.0,73.0
284,191.0,215.0,73.0
285,190.0,215.0,73.0
286,189.0,215.0,73.0
287,188.0,215.0,73.0
288,187.0,215.0,73.0
289,186.0,215.0,73.0
290,185.0,215.0,73.0
291,186.0,215.0,73.0
292,187.0,215.0,73.0
293,188.0,215.0,73.0
294,189.0,215.0,73.0
295,190.0,215.0,73.0
296,191.0,215.0,73.0
297,192.0,215.0,73.0
298,193.0,215.0,73.0
299,194.0,215.0,73.0
300,195.0,215.0,73.0
301,196.0,215.0,73.0
302,197.0,215.0,73.0
303,198.0,215.0,73.0
304,199.0,215.0,73.0
305,200.0,215.0,73.0
306,201.0,215.0,73.0
307,202.0,215.0,73.0
308,203.0,215.0,73.0
309,204.0,215.0,73.0
310,205.0,215.0,73.0
311,204.0,215.0,73.0
312,203.0,215.0,73.0
313,202.0,215.0,73.0
314,201.0,215.0,73.0
315,200.0,215.0,73.0
316,199.0,215.0,73.0
317,198.0,215.0,73.0
318,197.0,215.0,73.0
319,196.0,215.0,73.0
320,195.0,215.0,73.0
321,196.0,215.0,73.0
322,197.0,215.0,73.0
323,198.0,215.0,73.0
324,199.0,215.0,73.0
325,200.0,215.0,73.0
326,201.0,215.0,73.0
327,202.0,215.0,73.0
328,203.0,215.0,73.0
329,204.0,215.0,73.0
330,205.0,215.0,73.0
331,206.0,215.0,73.0
332,207.0,215.0,73.0
333,208.0,215.0,73.0
334,209.0,215.0,73.0
335,210.0,215.0,73.0
336,211.0,215.0,73.0
337,212.0,215.0,73.0
338,213.0,215.0,73.0
339,214.0,215.0,73.0
340,215.0,215.0,73.0
341,215.0,214.0,73.0
342,215.0,213.0,73.0
343,215.0,212.0,73.0
344,215.0,211.0,73.0
345,215.0,210.0,73.0
346,215.0,209.0,73.0
347,215.0,208.0,73.0
348,215.0,207.0,73.0
349,215.0,206.0,73.0
350,215.0,205.0,73.0
351,215.0,206.0,73.0
352,215.0,207.0,73.0
353,215.0,208.0,73.0
354,215.0,209.0,73.0
355,215.0,210.0,73.0
356,215.0,211.0,73.0
357,215.0,212.0,73.0
358,215.0,213.0,73.0
359,215.0,214.0,73.0
360,215.0,215.0,73.0
361,215.0,216.0,73.0
362,215.0,217.0,73.0
363,215.0,218.0,73.0
364,215.0,219.0,73.0
365,215.0,220.0,73.0
366,215.0,221.0,73.0
367,215.0,222.0,73.0
368,215.0,223.0,73.0
369,215.0,224.0,73.0
370,215.0,225.0,73.0
371,215.0,226.0,73.0
372,215.0,227.0,73.0
373,215.0,228.0,73.0
374,215.0,229.0,73.0
375,215.0,230.0,73.0
376,215.0,231.0,73.0
377,215.0,232.0,73.0
378,215.0,233.0,73.0
379,215.0,234.0,73.0
380,215.0,235.0,73.0
381,215.0,234.0,73.0
382,215.0,233.0,73.0
383,215.0,232.0,73.0
384,215.0,231.0,73.0
385,215.0,230.0,73.0
386,215.0,229.0,73.0
387,215.0,228.0,73.0
388,215.0,227.0,73.0
389,215.0,226.0,73.0
390,215.0,225.0,73.0
391,215.0,226.0,73.0
392,215.0,227.0,73.0
393,215.0,228.0,73.0
394,215.0,229.0,73.0
395,215.0,230.0,73.0
396,215.0,231.0,73.0
397,215.0,232.0,73.0
398,215.0,233.0,73.0
399,215.0,234.0,73.0
400,215.0,235.0,73.0
401,215.0,234.0,73.0
402,215.0,233.0,73.0
403,215.0,232.0,73.0
404,215.0,231.0,73.0
405,215.0,230.0,73.0
406,215.0,229.0,73.0
407,215.0,228.0,73.0
408,215.0,227.0,73.0
409,215.0,226.0,73.0
410,215.0,225.0,73.0
411,215.0,224.0,73.0
412,215.0,223.0,73.0
413,215.0,222.0,73.0
414,215.0,221.0,73.0
415,215.0,220.0,73.0
416,215.0,219.0,73.0
417,215.0,218.0,73.0
418,215.0,217.0,73.0
419,215.0,216.0,73.0
420,215.0,215.0,73.0
421,215.0,214.0,73.0
422,215.0,213.0,73.0
423,215.0,212.0,73.0
424,215.0,211.0,73.0
425,215.0,210.0,73.0
426,215.0,209.0,73.0
427,215.0,208.0,73.0
428,215.0,207.0,73.0
429,215.0,206.0,73.0
430,215.0,205.0,73.0
431,215.0,204.0,73.0
432,215.0,203.0,73.0
433,215.0,202.0,73.0
434,215.0,201.0,73.0
435,215.0,200.0,73.0
436,215.0,199.0,73.0
437,215.0,198.0,73.0
438,215.0,197.0,73.0
439,215.0,196.0,73.0
440,215.0,195.0,73.0
441,215.0,194.0,73.0
442,215.0,193.0,73.0
443,215.0,192.0,73.0
444,215.0,191.0,73.0
445,215.0,190.0,73.0
446,215.0,189.0,73.0
447,215.0,188.0,73.0
448,215.0,187.0,73.0
449,215.0,186.0,73.0
450,215.0,185.0,73.0
451,215.0,186.0,73.0
452,215.0,187.0,73.0
453,215.0,188.0,73.0
454,215.0,189.0,73.0
455,215.0,190.0,73.0
456,215.0,191.0,73.0
457,215.0,192.0,73.0
458,215.0,193.0,73.0
459,215.0,194.0,73.0
460,215.0,195.0,73.0
461,215.0,196.0,73.0
462,215.0,197.0,73.0
463,215.0,198.0,73.0
464,215.0,199.0,73.0
465,215.0,200.0,73.0
466,215.0,201.0,73.0
467,215.0,202.0,73.0
468,215.0,203.0,73.0
469,215.0,204.0,73.0
470,215.0,205.0,73.0
471,215.0,204.0,73.0
472,215.0,203.0,73.0
473,215.0,202.0,73.0
474,215.0,201.0,73.0
475,215.0,200.0,73.0
476,215.0,199.0,73.0
477,215.0,198.0,73.0
478,215.0,197.0,73.0
479,215.0,196.0,73.0
480,215.0,195.0,73.0
481,215.0,196.0,73.0
482,215.0,197.0,73.0
483,215.0,198.0,73.0
484,215.0,199.0,73.0
485,215.0,200.0,73.0
486,215.0,201.0,73.0
487,215.0,202.0,73.0
488,215.0,203.0,73.0
489,215.0,204.0,73.0
490,215.0,205.0,73.0
491,215.0,204.0,73.0
492,215.0,203.0,73.0
493,215.0,202.0,73.0
494,215.0,201.0,73.0
495,215.0,200.0,73.0
496,215.0,199.0,73.0
497,215.0,198.0,73.0
498,215.0,197.0,73.0
499,215.0,196.0,73.0
500,215.0,195.0,73.0
501,215.0,194.0,73.0
502,215.0,193.0,73.0
503,215.0,192.0,73.0
504,215.0,191.0,73.0
505,215.0,190.0,73.0
506,215.0,189.0,73.0
507,215.0,188.0,73.0
508,215.0,187.0,73.0
509,215.0,186.0,73.0
510,215.0,185.0,73.0
511,215.0,184.0,73.0
512,215.0,183.0,73.0
513,215.0,182.0,73.0
514,215.0,181.0,73.0
515,215.0,180.0,73.0
516,215.0,179.0,73.0
517,215.0,178.0,73.0
518,215.0,177.0,73.0
519,215.0,176.0,73.0
520,215.0,175.0,73.0
521,215.0,176.0,73.0
522,215.0,177.0,73.0
523,215.0,178.0,73.0
524,215.0,179.0,73.0
525,215.0,180.0,73.0
526,215.0,181.0,73.0
527,215.0,182.0,73.0
528,215.0,183.0,73.0
529,215.0,184.0,73.0
530,215.0,185.0,73.0
531,215.0,184.0,73.0
532,215.0,183.0,73.0
533,215.0,182.0,73.0
534,215.0,181.0,73.0
535,215.0,180.0,73.0
536,215.0,179.0,73.0
537,215.0,178.0,73.0
538,215.0,177.0,73.0
539,215.0,176.0,73.0
540,215.0,175.0,73.0
541,215.0,176.0,73.0
542,215.0,177.0,73.0
543,215.0,178.0,73.0
544,215.0,179.0,73.0
545,215.0,180.0,73.0
546,215.0,181.0,73.0
547,215.0,182.0,73.0
548,215.0,183.0,73.0
549,215.0,184.0,73.0
550,215.0,185.0,73.0
551,215.0,184.0,73.0
552,215.0,183.0,73.0
553,215.0,182.0,73.0
554,215.0,181.0,73.0
555,215.0,180.0,73.0
556,215.0,179.0,73.0
557,215.0,178.0,73.0
558,215.0,177.0,73.0
559,215.0,176.0,73.0
560,215.0,175.0,73.0
561,215.0,174.0,73.0
562,215.0,173.0,73.0
563,215.0,172.0,73.0
564,215.0,171.0,73.0
565,215.0,170.0,73.0
566,215.0,169.0,73.0
567,215.0,168.0,73.0
568,215.0,167.0,73.0
569,215.0,166.0,73.0
570,215.0,165.0,73.0
571,215.0,164.0,73.0
572,215.0,163.0,73.0
573,215.0,162.0,73.0
574,215.0,161.0,73.0
575,215.0,160.0,73.0
576,215.0,159.0,73.0
577,215.0,158.0,73.0
578,215.0,157.0,73.0
579,215.0,156.0,73.0
580,215.0,155.0,73.0
581,215.0,156.0,73.0
582,215.0,157.0,73.0
583,215.0,158.0,73.0
584,215.0,159.0,73.0
585,215.0,160.0,73.0
586,215.0,161.0,73.0
587,215.0,162.0,73.0
588,215.0,163.0,73.0
589,215.0,164.0,73.0
590,215.0,165.0,73.0
591,215.0,164.0,73.0
592,215.0,163.0,73.0
593,215.0,162.0,73.0
594,215.0,161.0,73.0
595,215.0,160.0,73.0
596,215.0,159.0,73.0
597,215.0,158.0,73.0
598,215.0,157.0,73.0
599,215.0,156.0,73.0
600,215.0,155.0,73.0
601,215.0,154.0,73.0
602,215.0,153.0,73.0
603,215.0,152.0,73.0
604,215.0,151.0,73.0
605,215.0,150.0,73.0
606,215.0,149.0,73.0
607,215.0,148.0,73.0
608,215.0,147.0,73.0
609,215.0,146.0,73.0
610,215.0,145.0,73.0
611,215.0,146.0,73.0
612,215.0,147.0,73.0
613,215.0,148.0,73.0
614,215.0,149.0,73.0
615,215.0,150.0,73.0
616,215.0,151.0,73.0
617,215.0,152.0,73.0
618,215.0,153.0,73.0
619,215.0,154.0,73.0
620,215.0,155.0,73.0
621,215.0,154.0,73.0
622,215.0,153.0,73.0
623,215.0,152.0,73.0
624,215.0,151.0,73.0
625,215.0,150.0,73.0
626,215.0,149.0,73.0
627,215.0,148.0,73.0
628,215.0,147.0,73.0
629,215.0,146.0,73.0
630,215.0,145.0,73.0
631,214.0,145.0,73.0
632,213.0,145.0,73.0
633,212.0,145.0,73.0
634,211.0,145.0,73.0
635,210.0,145.0,73.0
636,209.0,145.0,73.0
637,208.0,145.0,73.0
638,207.0,145.0,73.0
639,206.0,145.0,73.0
640,205.0,145.0,73.0
641,206.0,145.0,73.0
642,207.0,145.0,73.0
643,208.0,145.0,73.0
644,209.0,145.0,73.0
645,210.0,145.0,73.0
646,211.0,145.0,73.0
647,212.0,145.0,73.0
648,213.0,145.0,73.0
649,214.0,145.0,73.0
650,215.0,145.0,73.0
651,215.0,144.0,73.0
652,215.0,143.0,73.0
653,215.0,142.0,73.0
654,215.0,141.0,73.0
655,215.0,140.0,73.0
656,215.0,139.0,73.0
657,215.0,138.0,73.0
658,215.0,137.0,73.0
659,215.0,136.0,73.0
660,215.0,135.0,73.0
661,215.0,134.0,73.0
662,215.0,133.0,73.0
663,215.0,132.0,73.0
664,215.0,131.0,73.0
665,215.0,130.0,73.0
666,215.0,129.0,73.0
667,215.0,128.0,73.0
668,215.0,127.0,73.0
669,215.0,126.0,73.0
670,215.0,125.0,73.0
671,215.0,124.0,73.0
672,215.0,123.0,73.0
673,215.0,122.0,73.0
674,215.0,121.0,73.0
675,215.0,120.0,73.0
676,215.0,119.0,73.0
677,215.0,118.0,73.0
678,215.0,117.0,73.0
679,215.0,116.0,73.0
680,215.0,115.0,73.0
681,215.0,116.0,73.0
682,215.0,117.0,73.0
683,215.0,118.0,73.0
684,215.0,119.0,73.0
685,215.0,120.0,73.0
686,215.0,121.0,73.0
687,215.0,122.0,73.0
688,215.0,123.0,73.0
689,215.0,124.0,73.0
690,215.0,125.0,73.0
691,215.0,124.0,73.0
692,215.0,123.0,73.0
693,215.0,122.0,73.0
694,215.0,121.0,73.0
695,215.0,120.0,73.0
696,215.0,119.0,73.0
697,215.0,118.0,73.0
698,215.0,117.0,73.0
699,215.0,116.0,73.0
700,215.0,115.0,73.0
701,215.0,114.0,73.0
702,215.0,113.0,73.0
703,215.0,112.0,73.0
704,215.0,111.0,73.0
705,215.0,110.0,73.0
706,215.0,109.0,73.0
707,215.0,108.0,73.0
708,215.0,107.0,73.0
709,215.0,106.0,73.0
710,215.0,105.0,73.0
711,215.0,106.0,73.0
712,215.0,107.0,73.0
713,215.0,108.0,73.0
714,215.0,109.0,73.0
715,215.0,110.0,73.0
716,215.0,111.0,73.0
717,215.0,112.0,73.0
718,215.0,113.0,73.0
719,215.0,114.0,73.0
720,215.0,115.0,73.0
721,215.0,114.0,73.0
722,215.0,113.0,73.0
723,215.0,112.0,73.0
724,215.0,111.0,73.0
725,215.0,110.0,73.0
726,215.0,109.0,73.0
727,215.0,108.0,73.0
728,215.0,107.0,73.0
729,215.0,106.0,73.0
730,215.0,105.0,73.0
731,215.0,104.0,73.0
732,215.0,103.0,73.0
733,215.0,102.0,73.0
734,215.0,101.0,73.0
735,215.0,100.0,73.0
736,215.0,99.0,73.0
737,215.0,98.0,73.0
738,215.0,97.0,73.0
739,215.0,96.0,73.0
740,215.0,95.0,73.0
741,215.0,96.0,73.0
742,215.0,97.0,73.0
743,215.0,98.0,73.0
744,215.0,99.0,73.0
745,215.0,100.0,73.0
746,215.0,101.0,73.0
747,215.0,102.0,73.0
748,215.0,103.0,73.0
749,215.0,104.0,73.0
750,215.0,105.0,73.0
751,215.0,106.0,73.0
752,215.0,107.0,73.0
753,215.0,108.0,73.0
754,215.0,109.0,73.0
755,215.0,110.0,73.0
756,215.0,111.0,73.0
757,215.0,112.0,73.0
758,215.0,113.0,73.0
759,215.0,114.0,73.0
760,215.0,115.0,73.0
761,215.0,116.0,73.0
762,215.0,117.0,73.0
763,215.0,118.0,73.0
764,215.0,119.0,73.0
765,215.0,120.0,73.0
766,215.0,121.0,73.0
767,215.0,122.0,73.0
768,215.0,123.0,73.0
769,215.0,124.0,73.0
770,215.0,125.0,73.0
771,215.0,124.0,73.0
772,215.0,123.0,73.0
773,215.0,122.0,73.0
774,215.0,121.0,73.0
775,215.0,120.0,73.0
776,215.0,119.0,73.0
777,215.0,118.0,73.0
778,215.0,117.0,73.0
779,215.0,116.0,73.0
780,215.0,115.0,73.0
781,215.0,114.0,73.0
782,215.0,113.0,73.0
783,215.0,112.0,73.0
784,215.0,111.0,73.0
785,215.0,110.0,73.0
786,215.0,109.0,73.0
787,215.0,108.0,73.0
788,215.0,107.0,73.0
789,215.0,106.0,73.0
790,215.0,105.0,73.0
791,215.0,104.0,73.0
792,215.0,103.0,73.0
793,215.0,102.0,73.0
794,215.0,101.0,73.0
795,215.0,100.0,73.0
796,215.0,99.0,73.0
797,215.0,98.0,73.0
798,215.0,97.0,73.0
799,215.0,96.0,73.0
800,215.0,95.0,73.0
801,215.0,94.0,73.0
802,215.0,93.0,73.0
803,215.0,92.0,73.0
804,215.0,91.0,73.0
805,215.0,90.0,73.0
806,215.0,89.0,73.0
807,215.0,88.0,73.0
808,215.0,87.0,73.0
809,215.0,86.0,73.0
810,215.0,85.0,73.0
811,215.0,84.0,73.0
812,215.0,83.0,73.0
813,215.0,82.0,73.0
814,215.0,81.0,73.0
815,215.0,80.0,73.0
816,215.0,79.0,73.0
817,215.0,78.0,73.0
818,215.0,77.0,73.0
819,215.0,76.0,73.0
820,215.0,75.0,73.0
821,214.0,75.0,73.0
822,213.0,75.0,73.0
823,212.0,75.0,73.0
824,211.0,75.0,73.0
825,210.0,75.0,73.0
826,209.0,75.0,73.0
827,208.0,75.0,73.0
828,207.0,75.0,73.0
829,206.0,75.0,73.0
830,205.0,75.0,73.0
831,204.0,75.0,73.0
832,203.0,75.0,73.0
833,202.0,75.0,73.0
834,201.0,75.0,73.0
835,200.0,75.0,73.0
836,199.0,75.0,73.0
837,198.0,75.0,73.0
838,197.0,75.0,73.0
839,196.0,75.0,73.0
840,195.0,75.0,73.0
841,194.0,75.0,73.0
842,193.0,75.0,73.0
843,192.0,75.0,73.0
844,191.0,75.0,73.0
845,190.0,75.0,73.0
846,189.0,75.0,73.0
847,188.0,75.0,73.0
848,187.0,75.0,73.0
849,186.0,75.0,73.0
850,185.0,75.0,73.0
851,186.0,75.0,73.0
852,187.0,75.0,73.0
853,188.0,75.0,73.0
854,189.0,75.0,73.0
855,190.0,75.0,73.0
856,191.0,75.0,73.0
857,192.0,75.0,73.0
858,193.0,75.0,73.0
859,194.0,75.0,73.0
860,195.0,75.0,73.0
861,196.0,75.0,73.0
862,197.0,75.0,73.0
863,198.0,75.0,73.0
864,199.0,75.0,73.0
865,200.0,75.0,73.0
866,201.0,75.0,73.0
867,202.0,75.0,73.0
868,203.0,75.0,73.0
869,204.0,75.0,73.0
870,205.0,75.0,73.0
871,204.0,75.0,73.0
872,203.0,75.0,73.0
873,202.0,75.0,73.0
874,201.0,75.0,73.0
875,200.0,75.0,73.0
876,199.0,75.0,73.0
877,198.0,75.0,73.0
878,197.0,75.0,73.0
879,196.0,75.0,73.0
880,195.0,75.0,73.0
881,194.0,75.0,73.0
882,193.0,75.0,73.0
883,192.0,75.0,73.0
884,191.0,75.0,73.0
885,190.0,75.0,73.0
886,189.0,75.0,73.0
887,188.0,75.0,73.0
888,187.0,75.0,73.0
889,186.0,75.0,73.0
890,185.0,75.0,73.0
891,186.0,75.0,73.0
892,187.0,75.0,73.0
893,188.0,75.0,73.0
894,189.0,75.0,73.0
895,190.0,75.0,73.0
896,191.0,75.0,73.0
897,192.0,75.0,73.0
898,193.0,75.0,73.0
899,194.0,75.0,73.0
900,195.0,75.0,73.0
901,194.0,75.0,73.0
902,193.0,75.0,73.0
903,192.0,75.0,73.0
904,191.0,75.0,73.0
905,190.0,75.0,73.0
906,189.0,75.0,73.0
907,188.0,75.0,73.0
908,187.0,75.0,73.0
909,186.0,75.0,73.0
910,185.0,75.0,73.0
911,186.0,75.0,73.0
912,187.0,75.0,73.0
913,188.0,75.0,73.0
914,189.0,75.0,73.0
915,190.0,75.0,73.0
916,191.0,75.0,73.0
917,192.0,75.0,73.0
918,193.0,75.0,73.0
919,194.0,75.0,73.0
920,195.0,75.0,73.0
921,194.0,75.0,73.0
922,193.0,75.0,73.0
923,192.0,75.0,73.0
924,191.0,75.0,73.0
925,190.0,75.0,73.0
926,189.0,75.0,73.0
927,188.0,75.0,73.0
928,187.0,75.0,73.0
929,186.0,75.0,73.0
930,185.0,75.0,73.0
931,186.0,75.0,73.0
932,187.0,75.0,73.0
933,188.0,75.0,73.0
934,189.0,75.0,73.0
935,190.0,75.0,73.0
936,191.0,75.0,73.0
937,192.0,75.0,73.0
938,193.0,75.0,73.0
939,194.0,75.0,73.0
940,195.0,75.0,73.0
941,196.0,75.0,73.0
942,197.0,75.0,73.0
943,198.0,75.0,73.0
944,199.0,75.0,73.0
945,200.0,75.0,73.0
946,201.0,75.0,73.0
947,202.0,75.0,73.0
948,203.0,75.0,73.0
949,204.0,75.0,73.0
950,205.0,75.0,73.0
951,204.0,75.0,73.0
952,203.0,75.0,73.0
953,202.0,75.0,73.0
954,201.0,75.0,73.0
955,200.0,75.0,73.0
956,199.0,75.0,73.0
957,198.0,75.0,73.0
958,197.0,75.0,73.0
959,196.0,75.0,73.0
960,195.0,75.0,73.0
961,196.0,75.0,73.0
962,197.0,75.0,73.0
963,198.0,75.0,73.0
964,199.0,75.0,73.0
965,200.0,75.0,73.0
966,201.0,75.0,73.0
967,202.0,75.0,73.0
968,203.0,75.0,73.0
969,204.0,75.0,73.0
970,205.0,75.0,73.0
971,204.0,75.0,73.0
972,203.0,75.0,73.0
973,202.0,75.0,73.0
974,201.0,75.0,73.0
975,200.0,75.0,73.0
976,199.0,75.0,73.0
977,198.0,75.0,73.0
978,197.0,75.0,73.0
979,196.0,75.0,73.0
980,195.0,75.0,73.0
981,194.0,75.0,73.0
982,193.0,75.0,73.0
983,192.0,75.0,73.0
984,191.0,75.0,73.0
985,190.0,75.0,73.0
986,189.0,75.0,73.0
987,188.0,75.0,73.0
988,187.0,75.0,73.0
989,186.0,75.0,73.0
990,185.0,75.0,73.0
991,186.0,75.0,73.0
992,187.0,75.0,73.0
993,188.0,75.0,73.0
994,189.0,75.0,73.0
995,190.0,75.0,73.0
996,191.0,75.0,73.0
997,192.0,75.0,73.0
998,193.0,75.0,73.0
999,194.0,75.0,73.0
1000,195.0,75.0,73.0
1001,196.0,75.0,73.0
1002,197.0,75.0,73.0
1003,198.0,75.0,73.0
1004,199.0,75.0,73.0
1005,200.0,75.0,73.0
1006,201.0,75.0,73.0
1007,202.0,75.0,73.0
1008,203.0,75.0,73.0
1009,204.0,75.0,73.0
1010,205.0,75.0,73.0
1011,204.0,75.0,73.0
1012,203.0,75.0,73.0
1013,202.0,75.0,73.0
1014,201.0,75.0,73.0
1015,200.0,75.0,73.0
1016,199.0,75.0,73.0
1017,198.0,75.0,73.0
1018,197.0,75.0,73.0
1019,196.0,75.0,73.0
1020,195.0,75.0,73.0
1021,196.0,75.0,73.0
1022,197.0,75.0,73.0
1023,198.0,75.0,73.0
1024,199.0,75.0,73.0
1025,200.0,75.0,73.0
1026,201.0,75.0,73.0
1027,202.0,75.0,73.0
1028,203.0,75.0,73.0
1029,204.0,75.0,73.0
1030,205.0,75.0,73.0
1031,204.0,75.0,73.0
1032,203.0,75.0,73.0
1033,202.0,75.0,73.0
1034,201.0,75.0,73.0
1035,200.0,75.0,73.0
1036,199.0,75.0,73.0
1037,198.0,75.0,73.0
1038,197.0,75.0,73.0
1039,196.0,75.0,73.0
1040,195.0,75.0,73.0
1041,194.0,75.0,73.0
1042,193.0,75.0,73.0
1043,192.0,75.0,73.0
1044,191.0,75.0,73.0
1045,190.0,75.0,73.0
1046,189.0,75.0,73.0
1047,188.0,75.0,73.0
1048,187.0,75.0,73.0
1049,186.0,75.0,73.0
1050,185.0,75.0,73.0
1051,186.0,75.0,73.0
1052,187.0,75.0,73.0
1053,188.0,75.0,73.0
1054,189.0,75.0,73.0
1055,190.0,75.0,73.0
1056,191.0,75.0,73.0
1057,192.0,75.0,73.0
1058,193.0,75.0,73.0
1059,194.0,75.0,73.0
1060,195.0,75.0,73.0
1061,194.0,75.0,73.0
1062,193.0,75.0,73.0
1063,192.0,75.0,73.0
1064,191.0,75.0,73.0
1065,190.0,75.0,73.0
1066,189.0,75.0,73.0
1067,188.0,75.0,73.0
1068,187.0,75.0,73.0
1069,186.0,75.0,73.0
1070,185.0,75.0,73.0
1071,186.0,75.0,73.0
1072,187.0,75.0,73.0
1073,188.0,75.0,73.0
1074,189.0,75.0,73.0
1075,190.0,75.0,73.0
1076,191.0,75.0,73.0
1077,192.0,75.0,73.0
1078,193.0,75.0,73.0
1079,194.0,75.0,73.0
1080,195.0,75.0,73.0
1081,196.0,75.0,73.0
1082,197.0,75.0,73.0
1083,198.0,75.0,73.0
1084,199.0,75.0,73.0
1085,200.0,75.0,73.0
1086,201.0,75.0,73.0
1087,202.0,75.0,73.0
1088,203.0,75.0,73.0
1089,204.0,75.0,73.0
1090,205.0,75.0,73.0
1091,206.0,75.0,73.0
1092,207.0,75.0,73.0
1093,208.0,75.0,73.0
1094,209.0,75.0,73.0
1095,210.0,75.0,73.0
1096,211.0,75.0,73.0
1097,212.0,75.0,73.0
1098,213.0,75.0,73.0
1099,214.0,75.0,73.0
1100,215.0,75.0,73.0
1101,216.0,75.0,73.0
1102,217.0,75.0,73.0
1103,218.0,75.0,73.0
1104,219.0,75.0,73.0
1105,220.0,75.0,73.0
1106,221.0,75.0,73.0
1107,222.0,75.0,73.0
1108,223.0,75.0,73.0
1109,224.0,75.0,73.0
1110,225.0,75.0,73.0
1111,224.0,75.0,73.0
1112,223.0,75.0,73.0
1113,222.0,75.0,73.0
1114,221.0,75.0,73.0
1115,220.0,75.0,73.0
1116,219.0,75.0,73.0
1117,218.0,75.0,73.0
1118,217.0,75.0,73.0
1119,216.0,75.0,73.0
1120,215.0,75.0,73.0
1121,214.0,75.0,73.0
1122,213.0,75.0,73.0
1123,212.0,75.0,73.0
1124,211.0,75.0,73.0
1125,210.0,75.0,73.0
1126,209.0,75.0,73.0
1127,208.0,75.0,73.0
1128,207.0,75.0,73.0
1129,206.0,75.0,73.0
1130,205.0,75.0,73.0
1131,206.0,75.0,73.0
1132,207.0,75.0,73.0
1133,208.0,75.0,73.0
1134,209.0,75.0,73.0
1135,210.0,75.0,73.0
1136,211.0,75.0,73.0
1137,212.0,75.0,73.0
1138,213.0,75.0,73.0
1139,214.0,75.0,73.0
1140,215.0,75.0,73.0
1141,215.0,74.0,73.0
1142,215.0,73.0,73.0
1143,215.0,72.0,73.0
1144,215.0,71.0,73.0
1145,215.0,70.0,73.0
1146,215.0,69.0,73.0
1147,215.0,68.0,73.0
1148,215.0,67.0,73.0
1149,215.0,66.0,73.0
1150,215.0,65.0,73.0
1151,215.0,66.0,73.0
1152,215.0,67.0,73.0
1153,215.0,68.0,73.0
1154,215.0,69.0,73.0
1155,215.0,70.0,73.0
1156,215.0,71.0,73.0
1157,215.0,72.0,73.0
1158,215.0,73.0,73.0
1159,215.0,74.0,73.0
1160,215.0,75.0,73.0
1161,215.0,76.0,73.0
1162,215.0,77.0,73.0
1163,215.0,78.0,73.0
1164,215.0,79.0,73.0
1165,215.0,80.0,73.0
1166,215.0,81.0,73.0
1167,215.0,82.0,73.0
1168,215.0,83.0,73.0
1169,215.0,84.0,73.0
1170,215.0,85.0,73.0
1171,215.0,86.0,73.0
1172,215.0,87.0,73.0
1173,215.0,88.0,73.0
1174,215.0,89.0,73.0
1175,215.0,90.0,73.0
1176,215.0,91.0,73.0
1177,215.0,92.0,73.0
1178,215.0,93.0,73.0
1179,215.0,94.0,73.0
1180,215.0,95.0,73.0
1181,215.0,94.0,73.0
1182,215.0,93.0,73.0
1183,215.0,92.0,73.0
1184,215.0,91.0,73.0
1185,215.0,90.0,73.0
1186,215.0,89.0,73.0
1187,215.0,88.0,73.0
1188,215.0,87.0,73.0
1189,215.0,86.0,73.0
1190,215.0,85.0,73.0
1191,215.0,86.0,73.0
1192,215.0,87.0,73.0
1193,215.0,88.0,73.0
1194,215.0,89.0,73.0
1195,215.0,90.0,73.0
1196,215.0,91.0,73.0
1197,215.0,92.0,73.0
1198,215.0,93.0,73.0
1199,215.0,94.0,73.0
1200,215.0,95.0,73.0
1201,215.0,94.0,73.0
1202,215.0,93.0,73.0
1203,215.0,92.0,73.0
1204,215.0,91.0,73.0
1205,215.0,90.0,73.0
1206,215.0,89.0,73.0
1207,215.0,88.0,73.0
1208,215.0,87.0,73.0
1209,215.0,86.0,73.0
1210,215.0,85.0,73.0
1211,215.0,84.0,73.0
1212,215.0,83.0,73.0
1213,215.0,82.0,73.0
1214,215.0,81.0,73.0
1215,215.0,80.0,73.0
1216,215.0,79.0,73.0
1217,215.0,78.0,73.0
1218,215.0,77.0,73.0
1219,215.0,76.0,73.0
1220,215.0,75.0,73.0
1221,215.0,76.0,73.0
1222,215.0,77.0,73.0
1223,215.0,78.0,73.0
1224,215.0,79.0,73.0
1225,215.0,80.0,73.0
1226,215.0,81.0,73.0
1227,215.0,82.0,73.0
1228,215.0,83.0,73.0
1229,215.0,84.0,73.0
1230,215.0,85.0,73.0
1231,215.0,84.0,73.0
1232,215.0,83.0,73.0
1233,215.0,82.0,73.0
1234,215.0,81.0,73.0
1235,215.0,80.0,73.0
1236,215.0,79.0,73.0
1237,215.0,78.0,73.0
1238,215.0,77.0,73.0
1239,215.0,76.0,73.0
1240,215.0,75.0,73.0
1241,215.0,76.0,73.0
1242,215.0,77.0,73.0
1243,215.0,78.0,73.0
1244,215.0,79.0,73.0
1245,215.0,80.0,73.0
1246,215.0,81.0,73.0
1247,215.0,82.0,73.0
1248,215.0,83.0,73.0
1249,215.0,84.0,73.0
1250,215.0,85.0,73.0
1251,215.0,84.0,73.0
1252,215.0,83.0,73.0
1253,215.0,82.0,73.0
1254,215.0,81.0,73.0
1255,215.0,80.0,73.0
1256,215.0,79.0,73.0
1257,215.0,78.0,73.0
1258,215.0,77.0,73.0
1259,215.0,76.0,73.0
1260,215.0,75.0,73.0
1261,216.0,75.0,73.0
1262,217.0,75.0,73.0
1263,218.0,75.0,73.0
1264,219.0,75.0,73.0
1265,220.0,75.0,73.0
1266,221.0,75.0,73.0
1267,222.0,75.0,73.0
1268,223.0,75.0,73.0
1269,224.0,75.0,73.0
1270,225.0,75.0,73.0
1271,226.0,75.0,73.0
1272,227.0,75.0,73.0
1273,228.0,75.0,73.0
1274,229.0,75.0,73.0
1275,230.0,75.0,73.0
1276,231.0,75.0,73.0
1277,232.0,75.0,73.0
1278,233.0,75.0,73.0
1279,234.0,75.0,73.0
1280,235.0,75.0,73.0
1281,236.0,75.0,73.0
1282,237.0,75.0,73.0
1283,238.0,75.0,73.0
1284,239.0,75.0,73.0
1285,240.0,75.0,73.0
1286,241.0,75.0,73.0
1287,242.0,75.0,73.0
1288,243.0,75.0,73.0
1289,244.0,75.0,73.0
1290,245.0,75.0,73.0
1291,244.0,75.0,73.0
1292,243.0,75.0,73.0
1293,242.0,75.0,73.0
1294,241.0,75.0,73.0
1295,240.0,75.0,73.0
1296,239.0,75.0,73.0
1297,238.0,75.0,73.0
1298,237.0,75.0,73.0
1299,236.0,75.0,73.0
1300,235.0,75.0,73.0
1301,234.0,75.0,73.0
1302,233.0,75.0,73.0
1303,232.0,75.0,73.0
1304,231.0,75.0,73.0
1305,230.0,75.0,73.0
1306,229.0,75.0,73.0
1307,228.0,75.0,73.0
1308,227.0,75.0,73.0
1309,226.0,75.0,73.0
1310,225.0,75.0,73.0
1311,226.0,75.0,73.0
1312,227.0,75.0,73.0
1313,228.0,75.0,73.0
1314,229.0,75.0,73.0
1315,230.0,75.0,73.0
1316,231.0,75.0,73.0
1317,232.0,75.0,73.0
1318,233.0,75.0,73.0
1319,234.0,75.0,73.0
1320,235.0,75.0,73.0
1321,234.0,75.0,73.0
1322,233.0,75.0,73.0
1323,232.0,75.0,73.0
1324,231.0,75.0,73.0
1325,230.0,75.0,73.0
1326,229.0,75.0,73.0
1327,228.0,75.0,73.0
1328,227.0,75.0,73.0
1329,226.0,75.0,73.0
1330,225.0,75.0,73.0
1331,226.0,75.0,73.0
1332,227.0,75.0,73.0
1333,228.0,75.0,73.0
1334,229.0,75.0,73.0
1335,230.0,75.0,73.0
1336,231.0,75.0,73.0
1337,232.0,75.0,73.0
1338,233.0,75.0,73.0
1339,234.0,75.0,73.0
1340,235.0,75.0,73.0
1341,236.0,75.0,73.0
1342,237.0,75.0,73.0
1343,238.0,75.0,73.0
1344,239.0,75.0,73.0
1345,240.0,75.0,73.0
1346,241.0,75.0,73.0
1347,242.0,75.0,73.0
1348,243.0,75.0,73.0
1349,244.0,75.0,73.0
1350,245.0,75.0,73.0
1351,244.0,75.0,73.0
1352,243.0,75.0,73.0
1353,242.0,75.0,73.0
1354,241.0,75.0,73.0
1355,240.0,75.0,73.0
1356,239.0,75.0,73.0
1357,238.0,75.0,73.0
1358,237.0,75.0,73.0
1359,236.0,75.0,73.0
1360,235.0,75.0,73.0
1361,236.0,75.0,73.0
1362,237.0,75.0,73.0
1363,238.0,75.0,73.0
1364,239.0,75.0,73.0
1365,240.0,75.0,73.0
1366,241.0,75.0,73.0
1367,242.0,75.0,73.0
1368,243.0,75.0,73.0
1369,244.0,75.0,73.0
1370,245.0,75.0,73.0
1371,244.0,75.0,73.0
1372,243.0,75.0,73.0
1373,242.0,75.0,73.0
1374,241.0,75.0,73.0
1375,240.0,75.0,73.0
1376,239.0,75.0,73.0
1377,238.0,75.0,73.0
1378,237.0,75.0,73.0
1379,236.0,75.0,73.0
1380,235.0,75.0,73.0
1381,236.0,75.0,73.0
1382,237.0,75.0,73.0
1383,238.0,75.0,73.0
1384,239.0,75.0,73.0
1385,240.0,75.0,73.0
1386,241.0,75.0,73.0
1387,242.0,75.0,73.0
1388,243.0,75.0,73.0
1389,244.0,75.0,73.0
1390,245.0,75.0,73.0
1391,246.0,75.0,73.0
1392,247.0,75.0,73.0
1393,248.0,75.0,73.0
1394,249.0,75.0,73.0
1395,250.0,75.0,73.0
1396,251.0,75.0,73.0
1397,252.0,75.0,73.0
1398,253.0,75.0,73.0
1399,254.0,75.0,73.0
1400,255.0,75.0,73.0
1401,256.0,75.0,73.0
1402,257.0,75.0,73.0
1403,258.0,75.0,73.0
1404,259.0,75.0,73.0
1405,260.0,75.0,73.0
1406,261.0,75.0,73.0
1407,262.0,75.0,73.0
1408,263.0,75.0,73.0
1409,264.0,75.0,73.0
1410,265.0,75.0,73.0
1411,266.0,75.0,73.0
1412,267.0,75.0,73.0
1413,268.0,75.0,73.0
1414,269.0,75.0,73.0
1415,270.0,75.0,73.0
1416,271.0,75.0,73.0
1417,272.0,75.0,73.0
1418,273.0,75.0,73.0
1419,274.0,75.0,73.0
1420,275.0,75.0,73.0
1421,276.0,75.0,73.0
1422,277.0,75.0,73.0
1423,278.0,75.0,73.0
1424,279.0,75.0,73.0
1425,280.0,75.0,73.0
1426,281.0,75.0,73.0
1427,282.0,75.0,73.0
1428,283.0,75.0,73.0
1429,284.0,75.0,73.0
1430,285.0,75.0,73.0
1431,286.0,75.0,73.0
1432,287.0,75.0,73.0
1433,288.0,75.0,73.0
1434,289.0,75.0,73.0
1435,290.0,75.0,73.0
1436,291.0,75.0,73.0
1437,292.0,75.0,73.0
1438,293.0,75.0,73.0
1439,294.0,75.0,73.0
1440,295.0,75.0,73.0
1441,294.0,75.0,73.0
1442,293.0,75.0,73.0
1443,292.0,75.0,73.0
1444,291.0,75.0,73.0
1445,290.0,75.0,73.0
1446,289.0,75.0,73.0
1447,288.0,75.0,73.0
1448,287.0,75.0,73.0
1449,286.0,75.0,73.0
1450,285.0,75.0,73.0
1451,284.0,75.0,73.0
1452,283.0,75.0,73.0
1453,282.0,75.0,73.0
1454,281.0,75.0,73.0
1455,280.0,75.0,73.0
1456,279.0,75.0,73.0
1457,278.0,75.0,73.0
1458,277.0,75.0,73.0
1459,276.0,75.0,73.0
1460,275.0,75.0,73.0
1461,276.0,75.0,73.0
1462,277.0,75.0,73.0
1463,278.0,75.0,73.0
1464,279.0,75.0,73.0
1465,280.0,75.0,73.0
1466,281.0,75.0,73.0
1467,282.0,75.0,73.0
1468,283.0,75.0,73.0
1469,284.0,75.0,73.0
1470,285.0,75.0,73.0
1471,284.0,75.0,73.0
1472,283.0,75.0,73.0
1473,282.0,75.0,73.0
1474,281.0,75.0,73.0
1475,280.0,75.0,73.0
1476,279.0,75.0,73.0
1477,278.0,75.0,73.0
1478,277.0,75.0,73.0
1479,276.0,75.0,73.0
1480,275.0,75.0,73.0
1481,274.0,75.0,73.0
1482,273.0,75.0,73.0
1483,272.0,75.0,73.0
1484,271.0,75.0,73.0
1485,270.0,75.0,73.0
1486,269.0,75.0,73.0
1487,268.0,75.0,73.0
1488,267.0,75.0,73.0
1489,266.0,75.0,73.0
1490,265.0,75.0,73.0
1491,264.0,75.0,73.0
1492,263.0,75.0,73.0
1493,262.0,75.0,73.0
1494,261.0,75.0,73.0
1495,260.0,75.0,73.0
1496,259.0,75.0,73.0
1497,258.0,75.0,73.0
1498,257.0,75.0,73.0
1499,256.0,75.0,73.0
1500,255.0,75.0,73.0
1501,256.0,75.0,73.0
1502,257.0,75.0,73.0
1503,258.0,75.0,73.0
1504,259.0,75.0,73.0
1505,260.0,75.0,73.0
1506,261.0,75.0,73.0
1507,262.0,75.0,73.0
1508,263.0,75.0,73.0
1509,264.0,75.0,73.0
1510,265.0,75.0,73.0
1511,266.0,75.0,73.0
1512,267.0,75.0,73.0
1513,268.0,75.0,73.0
1514,269.0,75.0,73.0
1515,270.0,75.0,73.0
1516,271.0,75.0,73.0
1517,272.0,75.0,73.0
1518,273.0,75.0,73.0
1519,274.0,75.0,73.0
1520,275.0,75.0,73.0
1521,276.0,75.0,73.0
1522,277.0,75.0,73.0
1523,278.0,75.0,73.0
1524,279.0,75.0,73.0
1525,280.0,75.0,73.0
1526,281.0,75.0,73.0
1527,282.0,75.0,73.0
1528,283.0,75.0,73.0
1529,284.0,75.0,73.0
1530,285.0,75.0,73.0
1531,285.0,74.0,73.0
1532,285.0,73.0,73.0
1533,285.0,72.0,73.0
1534,285.0,71.0,73.0
1535,285.0,70.0,73.0
1536,285.0,69.0,73.0
1537,285.0,68.0,73.0
1538,285.0,67.0,73.0
1539,285.0,66.0,73.0
1540,285.0,65.0,73.0
1541,285.0,66.0,73.0
1542,285.0,67.0,73.0
1543,285.0,68.0,73.0
1544,285.0,69.0,73.0
1545,285.0,70.0,73.0
1546,285.0,71.0,73.0
1547,285.0,72.0,73.0
1548,285.0,73.0,73.0
1549,285.0,74.0,73.0
1550,285.0,75.0,73.0
1551,285.0,74.0,73.0
1552,285.0,73.0,73.0
1553,285.0,72.0,73.0
1554,285.0,71.0,73.0
1555,285.0,70.0,73.0
1556,285.0,69.0,73.0
1557,285.0,68.0,73.0
1558,285.0,67.0,73.0
1559,285.0,66.0,73.0
1560,285.0,65.0,73.0
1561,285.0,66.0,73.0
1562,285.0,67.0,73.0
1563,285.0,68.0,73.0
1564,285.0,69.0,73.0
1565,285.0,70.0,73.0
1566,285.0,71.0,73.0
1567,285.0,72.0,73.0
1568,285.0,73.0,73.0
1569,285.0,74.0,73.0
1570,285.0,75.0,73.0
1571,285.0,74.0,73.0
1572,285.0,73.0,73.0
1573,285.0,72.0,73.0
1574,285.0,71.0,73.0
1575,285.0,70.0,73.0
1576,285.0,69.0,73.0
1577,285.0,68.0,73.0
1578,285.0,67.0,73.0
1579,285.0,66.0,73.0
1580,285.0,65.0,73.0
1581,285.0,64.0,73.0
1582,285.0,63.0,73.0
1583,285.0,62.0,73.0
1584,285.0,61.0,73.0
1585,285.0,60.0,73.0
1586,285.0,59.0,73.0
1587,285.0,58.0,73.0
1588,285.0,57.0,73.0
1589,285.0,56.0,73.0
1590,285.0,55.0,73.0
1591,285.0,54.0,73.0
1592,285.0,53.0,73.0
1593,285.0,52.0,73.0
1594,285.0,51.0,73.0
1595,285.0,50.0,73.0
1596,285.0,49.0,73.0
1597,285.0,48.0,73.0
1598,285.0,47.0,73.0
1599,285.0,46.0,73.0
1600,285.0,45.0,73.0
1601,285.0,46.0,73.0
1602,285.0,47.0,73.0
1603,285.0,48.0,73.0
1604,285.0,49.0,73.0
1605,285.0,50.0,73.0
1606,285.0,51.0,73.0
1607,285.0,52.0,73.0
1608,285.0,53.0,73.0
1609,285.0,54.0,73.0
1610,285.0,55.0,73.0
1611,285.0,54.0,73.0
1612,285.0,53.0,73.0
1613,285.0,52.0,73.0
1614,285.0,51.0,73.0
1615,285.0,50.0,73.0
1616,285.0,49.0,73.0
1617,285.0,48.0,73.0
1618,285.0,47.0,73.0
1619,285.0,46.0,73.0
1620,285.0,45.0,73.0
1621,285.0,46.0,73.0
1622,285.0,47.0,73.0
1623,285.0,48.0,73.0
1624,285.0,49.0,73.0
1625,285.0,50.0,73.0
1626,285.0,51.0,73.0
1627,285.0,52.0,73.0
1628,285.0,53.0,73.0
1629,285.0,54.0,73.0
1630,285.0,55.0,73.0
1631,285.0,56.0,73.0
1632,285.0,57.0,73.0
1633,285.0,58.0,73.0
1634,285.0,59.0,73.0
1635,285.0,60.0,73.0
1636,285.0,61.0,73.0
1637,285.0,62.0,73.0
1638,285.0,63.0,73.0
1639,285.0,64.0,73.0
1640,285.0,65.0,73.0
1641,285.0,66.0,73.0
1642,285.0,67.0,73.0
1643,285.0,68.0,73.0
1644,285.0,69.0,73.0
1645,285.0,70.0,73.0
1646,285.0,71.0,73.0
1647,285.0,72.0,73.0
1648,285.0,73.0,73.0
1649,285.0,74.0,73.0
1650,285.0,75.0,73.0
1651,285.0,74.0,73.0
1652,285.0,73.0,73.0
1653,285.0,72.0,73.0
1654,285.0,71.0,73.0
1655,285.0,70.0,73.0
1656,285.0,69.0,73.0
1657,285.0,68.0,73.0
1658,285.0,67.0,73.0
1659,285.0,66.0,73.0
1660,285.0,65.0,73.0
1661,285.0,64.0,73.0
1662,285.0,63.0,73.0
1663,285.0,62.0,73.0
1664,285.0,61.0,73.0
1665,285.0,60.0,73.0
1666,285.0,59.0,73.0
1667,285.0,58.0,73.0
1668,285.0,57.0,73.0
1669,285.0,56.0,73.0
1670,285.0,55.0,73.0
1671,285.0,56.0,73.0
1672,285.0,57.0,73.0
1673,285.0,58.0,73.0
1674,285.0,59.0,73.0
1675,285.0,60.0,73.0
1676,285.0,61.0,73.0
1677,285.0,62.0,73.0
1678,285.0,63.0,73.0
1679,285.0,64.0,73.0
1680,285.0,65.0,73.0
1681,285.0,64.0,73.0
1682,285.0,63.0,73.0
1683,285.0,62.0,73.0
1684,285.0,61.0,73.0
1685,285.0,60.0,73.0
1686,285.0,59.0,73.0
1687,285.0,58.0,73.0
1688,285.0,57.0,73.0
1689,285.0,56.0,73.0
1690,285.0,55.0,73.0
1691,285.0,54.0,73.0
1692,285.0,53.0,73.0
1693,285.0,52.0,73.0
1694,285.0,51.0,73.0
1695,285.0,50.0,73.0
1696,285.0,49.0,73.0
1697,285.0,48.0,73.0
1698,285.0,47.0,73.0
1699,285.0,46.0,73.0
1700,285.0,45.0,73.0
1701,285.0,44.0,73.0
1702,285.0,43.0,73.0
1703,285.0,42.0,73.0
1704,285.0,41.0,73.0
1705,285.0,40.0,73.0
1706,285.0,39.0,73.0
1707,285.0,38.0,73.0
1708,285.0,37.0,73.0
1709,285.0,36.0,73.0
1710,285.0,35.0,73.0
1711,285.0,34.0,73.0
1712,285.0,33.0,73.0
1713,285.0,32.0,73.0
1714,285.0,31.0,73.0
1715,285.0,30.0,73.0
1716,285.0,29.0,73.0
1717,285.0,28.0,73.0
1718,285.0,27.0,73.0
1719,285.0,26.0,73.0
1720,285.0,25.0,73.0
1721,285.0,26.0,73.0
1722,285.0,27.0,73.0
1723,285.0,28.0,73.0
1724,285.0,29.0,73.0
1725,285.0,30.0,73.0
1726,285.0,31.0,73.0
1727,285.0,32.0,73.0
1728,285.0,33.0,73.0
1729,285.0,34.0,73.0
1730,285.0,35.0,73.0
1731,285.0,34.0,73.0
1732,285.0,33.0,73.0
1733,285.0,32.0,73.0
1734,285.0,31.0,73.0
1735,285.0,30.0,73.0
1736,285.0,29.0,73.0
1737,285.0,28.0,73.0
1738,285.0,27.0,73.0
1739,285.0,26.0,73.0
1740,285.0,25.0,73.0
1741,285.0,26.0,73.0
1742,285.0,27.0,73.0
1743,285.0,28.0,73.0
1744,285.0,29.0,73.0
1745,285.0,30.0,73.0
1746,285.0,31.0,73.0
1747,285.0,32.0,73.0
1748,285.0,33.0,73.0
1749,285.0,34.0,73.0
1750,285.0,35.0,73.0
1751,285.0,34.0,73.0
1752,285.0,33.0,73.0
1753,285.0,32.0,73.0
1754,285.0,31.0,73.0
1755,285.0,30.0,73.0
1756,285.0,29.0,73.0
1757,285.0,28.0,73.0
1758,285.0,27.0,73.0
1759,285.0,26.0,73.0
1760,285.0,25.0,73.0
1761,285.0,26.0,73.0
1762,285.0,27.0,73.0
1763,285.0,28.0,73.0
1764,285.0,29.0,73.0
1765,285.0,30.0,73.0
1766,285.0,31.0,73.0
1767,285.0,32.0,73.0
1768,285.0,33.0,73.0
1769,285.0,34.0,73.0
1770,285.0,35.0,73.0
1771,285.0,36.0,73.0
1772,285.0,37.0,73.0
1773,285.0,38.0,73.0
1774,285.0,39.0,73.0
1775,285.0,40.0,73.0
1776,285.0,41.0,73.0
1777,285.0,42.0,73.0
1778,285.0,43.0,73.0
1779,285.0,44.0,73.0
1780,285.0,45.0,73.0
1781,285.0,46.0,73.0
1782,285.0,47.0,73.0
1783,285.0,48.0,73.0
1784,285.0,49.0,73.0
1785,285.0,50.0,73.0
1786,285.0,51.0,73.0
1787,285.0,52.0,73.0
1788,285.0,53.0,73.0
1789,285.0,54.0,73.0
1790,285.0,55.0,73.0
1791,285.0,54.0,73.0
1792,285.0,53.0,73.0
1793,285.0,52.0,73.0
1794,285.0,51.0,73.0
1795,285.0,50.0,73.0
1796,285.0,49.0,73.0
1797,285.0,48.0,73.0
1798,285.0,47.0,73.0
1799,285.0,46.0,73.0
1800,285.0,45.0,73.0
1801,285.0,44.0,73.0
1802,285.0,43.0,73.0
1803,285.0,42.0,73.0
1804,285.0,41.0,73.0
1805,285.0,40.0,73.0
1806,285.0,39.0,73.0
1807,285.0,38.0,73.0
1808,285.0,37.0,73.0
1809,285.0,36.0,73.0
1810,285.0,35.0,73.0
1811,285.0,34.0,73.0
1812,285.0,33.0,73.0
1813,285.0,32.0,73.0
1814,285.0,31.0,73.0
1815,285.0,30.0,73.0
1816,285.0,29.0,73.0
1817,285.0,28.0,73.0
1818,285.0,27.0,73.0
1819,285.0,26.0,73.0
1820,285.0,25.0,73.0
1821,285.0,26.0,73.0
1822,285.0,27.0,73.0
1823,285.0,28.0,73.0
1824,285.0,29.0,73.0
1825,285.0,30.0,73.0
1826,285.0,31.0,73.0
1827,285.0,32.0,73.0
1828,285.0,33.0,73.0
1829,285.0,34.0,73.0
1830,285.0,35.0,73.0
1831,285.0,34.0,73.0
1832,285.0,33.0,73.0
1833,285.0,32.0,73.0
1834,285.0,31.0,73.0
1835,285.0,30.0,73.0
1836,285.0,29.0,73.0
1837,285.0,28.0,73.0
1838,285.0,27.0,73.0
1839,285.0,26.0,73.0
1840,285.0,25.0,73.0
1841,285.0,24.0,73.0
1842,285.0,23.0,73.0
1843,285.0,22.0,73.0
1844,285.0,21.0,73.0
1845,285.0,20.0,73.0
1846,285.0,19.0,73.0
1847,285.0,18.0,73.0
1848,285.0,17.0,73.0
1849,285.0,16.0,73.0
1850,285.0,15.0,73.0
1851,285.0,16.0,73.0
1852,285.0,17.0,73.0
1853,285.0,18.0,73.0
1854,285.0,19.0,73.0
1855,285.0,20.0,73.0
1856,285.0,21.0,73.0
1857,285.0,22.0,73.0
1858,285.0,23.0,73.0
1859,285.0,24.0,73.0
1860,285.0,25.0,73.0
1861,285.0,24.0,73.0
1862,285.0,23.0,73.0
1863,285.0,22.0,73.0
1864,285.0,21.0,73.0
1865,285.0,20.0,73.0
1866,285.0,19.0,73.0
1867,285.0,18.0,73.0
1868,285.0,17.0,73.0
1869,285.0,16.0,73.0
1870,285.0,15.0,73.0
1871,285.0,16.0,73.0
1872,285.0,17.0,73.0
1873,285.0,18.0,73.0
1874,285.0,19.0,73.0
1875,285.0,20.0,73.0
1876,285.0,21.0,73.0
1877,285.0,22.0,73.0
1878,285.0,23.0,73.0
1879,285.0,24.0,73.0
1880,285.0,25.0,73.0
1881,285.0,24.0,73.0
1882,285.0,23.0,73.0
1883,285.0,22.0,73.0
1884,285.0,21.0,73.0
1885,285.0,20.0,73.0
1886,285.0,19.0,73.0
1887,285.0,18.0,73.0
1888,285.0,17.0,73.0
1889,285.0,16.0,73.0
1890,285.0,15.0,73.0
1891,285.0,14.0,73.0
1892,285.0,13.0,73.0
1893,285.0,12.0,73.0
1894,285.0,11.0,73.0
1895,285.0,10.0,73.0
1896,285.0,9.0,73.0
1897,285.0,8.0,73.0
1898,285.0,7.0,73.0
1899,285.0,6.0,73.0
